3568 3
3981
5220 7
6433
8561 14
8595
8895 15
8911
9227 16
9236
10769 21
10782
11094 22
11119
12650 27
12663
12966 28
17212
17528 29
17552
19080 34
19097
19396 35
39482
39795 36
39869
40171 37
41727
43730 43
43754
44057 44
47847
48761 47
48790
50323 52
50517
52035 57
52053
52352 58
65002
65318 59
66635
68447 65
68471
68770 66
69331
69630 67
72453
74596 74
74611
74927 75
74953
76487 80
76507
76823 81
76850
78385 86
78405
78717 87
78744
80270 92
80294
80606 93
80642
82183 98
82211
82523 99
82565
84121 104
84133
84449 105
84471
86014 110
86028
86344 111
86373
87919 116
87943
88259 117
88297
89827 122
89839
90151 123
90182
93261 133
93285
93588 134
94394
95607 138
95631
95934 139
98949
100162 143
100186
100489 144
101296
102210 147
102240
